I = [ 12.5, 25.0, 35.0, 55.0, 65.0, 75.0, 70.0, 60.0, 45.0, 30.0, 20.0, 5.0,]
R = [ 2.130425557790264, 3.1985906622682814, 5.318620887637606,]
R_most = [ 2.281, 3.309, 5.339,]
Rprime = [ 2.1304255124031357, 3.198590559958465, 5.318620604760355,]
S = 0.10463467031862503
U = [ 65.3, 128.4, 183.6, 292.5, 345.2, 399.8, 373.6, 321.1, 240.7, 156.2, 107.0, 25.1,]
ang = 22.159157825511972
b = 0
dR = [ 0.011318016136659023, 0.017985758296802795, 0.030946146749254604,]
dS = 0.004710474183339224
d_micro = 0.365
data = [ [ 20, "U, mV",], [ 20, "I, mA",], [ 30, "U, mV",], [ 30, "I, mA",], [ 50, "U, mV",], [ 50, "I, mA",],]
dataT = [ [ 11.0, 5.0, 15.9, 5.0, 65.3, 12.5,], [ 30.7, 15.0, 47.3, 15.0, 128.4, 25.0,], [ 52.9, 25.0, 77.6, 25.0, 183.6, 35.0,], [ 74.1, 35.0, 114.1, 35.0, 292.5, 55.0,], [ 117.1, 55.0, 175.8, 55.0, 345.2, 65.0,], [ 160.2, 75.0, 240.4, 75.0, 399.8, 75.0,], [ 139.2, 65.0, 208.3, 65.0, 373.6, 70.0,], [ 106.4, 50.0, 159.4, 50.0, 321.1, 60.0,], [ 85.8, 40.0, 126.7, 40.0, 240.7, 45.0,], [ 63.1, 30.0, 96.2, 30.0, 156.2, 30.0,], [ 41.5, 20.0, 64.3, 20.0, 107.0, 20.0,], [ 20.8, 10.0, 31.6, 10.0, 25.1, 5.0,],]
delta_d_micro = 0.011618950038622254
dl = 0.2
drho = [ 0.051739533808373366, 0.05115671640633261, 0.050719004191995584,]
drho_mean = 0.029564254652486105
i = 2
instr = 0.01
k = 5.318620604760355
l = [ 20, 30, 50,]
npdata = [ [ 11.0, 30.7, 52.9, 74.1, 117.1, 160.2, 139.2, 106.4, 85.8, 63.1, 41.5, 20.8,], [ 5.0, 15.0, 25.0, 35.0, 55.0, 75.0, 65.0, 50.0, 40.0, 30.0, 20.0, 10.0,], [ 15.9, 47.3, 77.6, 114.1, 175.8, 240.4, 208.3, 159.4, 126.7, 96.2, 64.3, 31.6,], [ 5.0, 15.0, 25.0, 35.0, 55.0, 75.0, 65.0, 50.0, 40.0, 30.0, 20.0, 10.0,], [ 65.3, 128.4, 183.6, 292.5, 345.2, 399.8, 373.6, 321.1, 240.7, 156.2, 107.0, 25.1,], [ 12.5, 25.0, 35.0, 55.0, 65.0, 75.0, 70.0, 60.0, 45.0, 30.0, 20.0, 5.0,],]
rho = [ 1.1145818793887856, 1.1156115981022472, 1.1130242862554274,]
rho_mean = 1.11440592124882
rho_most = [ 1.1933584149839185, 1.1541204136144343, 1.117289009662278,]
sigma = 0.005916079783099622
wiredata = [ [ 0.3, 0.3, 0.3, 0.3, 0.3, 0.3, 0.3, 0.3, 0.3, 0.3,], [ 0.36, 0.365, 0.38, 0.365, 0.36, 0.365, 0.36, 0.365, 0.37, 0.36,],]
wiredata1 = [ 0.36, 0.365, 0.38, 0.365, 0.36, 0.365, 0.36, 0.365, 0.37, 0.36,]
x = [ 0, 80,]
y = [ 0.0, 425.4896483808284,]
