J0 = 1274114.4694308334
M = 1261.1
Q = 2628.7688822597725
T1 = 1.5386250000000001
Tm = [ 1.49, 1.504, 1.5133333333333334, 1.4229999999999998, 2.008, 1.609, 1.482, 1.6149999999999998,]
a = 24.4
b = 39.885735377503906
d = [ 28.6, 29.3, 29.8, 22.7, 11.3, 15.8, 18.5, 33.6,]
dT = 0.01
dT1 = 0.0005773502691896483
dTm = [ 0.001, 0.001, 0.001105541596785129, 0.001, 0.001, 0.001, 0.001, 0.001,]
da = 0.05
db = 1.7459847630710923
dd = [ 0.05, 0.05, 0.05, 0.05, 0.05, 0.05, 0.05, 0.05,]
df = [ [ 10.0, 28.6, 14.9, 14.9, 14.9,], [ 10.0, 29.3, 15.04, 15.04, 15.04,], [ 10.0, 29.8, 15.13, 15.13, 15.14,], [ 10.0, 22.7, 14.23, 14.23, 14.23,], [ 10.0, 11.3, 20.08, 20.08, 20.08,], [ 10.0, 15.8, 16.09, 16.09, 16.09,], [ 10.0, 18.5, 14.82, 14.82, 14.82,], [ 10.0, 33.6, 16.15, 16.15, 16.15,],]
dg1 = 0.4377456010972236
dk = 0.0008851958793014182
dl = 0.01
dlin = 0.1
dm = 0.1
dt1 = 0.011547005383792967
dx_cm = 0.05
dxp_cm = 0.05
dy = [ 12.394327359361613, 12.697684479906282, 12.914368145140145, 9.837460856684105, 4.897083350301057, 6.847229910158544, 8.017319732695151, 14.561164179454527,]
g = [ 8.885575679653392, 8.88048378268985, 8.894361444898125, 9.252227030131518, 10.849271125578012, 10.119870782444266, 9.81942326329933, 8.845002440359105,]
g1 = 9.99997570271999
gmean = 9.443276943631702
gstd = 0.6981755181807663
k = 0.011815319684251825
l = 100.01
lpriv = 58.55983640710383
m0 = 970.1
m_pr = 78.4
m_rod = 891.7
m_wt = 291.0
nQ = 580
t1 = [ 30.77, 30.77, 30.77, 30.78,]
t1_mean = 30.7725
t1_sigma = 0.005773502691897161
x_cm = 50
xp_cm = 52.1
xx = [ 1814.882971155277, 2082.5547932133527, 2285.017405505367, 290.11454329660717, 1047.892542602236, 165.62717024598177, 1.3658460351200399, 4130.610814118869,]
y = [ 42.60144329896907, 45.635017182130575, 47.801855670103095, 17.03274914089347, -32.37116838487972, -12.86962199312714, -1.1686941580756018, 64.26982817869415,]
ymin = 17.03274914089347
yy = [ 63.49486, 66.27706880000001, 68.24729777777779, 45.96588829999998, 45.5623232, 40.904319799999996, 40.631994000000006, 87.63635999999997,]
